1.686399333 -360 -10.45120117
1.721894939 -358.8 -10.41570557
1.757390545 -357.6 -10.38020996
1.792886152 -356.4 -10.34471435
1.828381758 -355.2 -10.30921875
1.863877364 -354 -10.27372314
1.89937297 -352.8 -10.23822754
1.934868577 -351.6 -10.20273193
1.970364183 -350.4 -10.16723632
2.005859789 -349.2 -10.13174072
2.041355395 -348 -10.09624511
2.076851002 -346.8 -10.0607495
2.112346608 -345.6 -10.0252539
2.147842214 -344.4 -9.989758292
2.18333782 -343.2 -9.954262686
2.218833427 -342 -9.918767079
2.254329033 -340.8 -9.883271473
2.289824639 -339.6 -9.847775867
2.325320245 -338.4 -9.812280261
2.360815852 -337.2 -9.776784654
2.396311458 -336 -9.741289048
2.431807064 -334.8 -9.705793442
2.46730267 -333.6 -9.670297836
2.502798277 -332.4 -9.634802229
2.538293883 -331.2 -9.599306623
2.573789489 -330 -9.563811017
2.609285095 -328.8 -9.528315411
2.644780702 -327.6 -9.492819804
2.680276308 -326.4 -9.457324198
2.715771914 -325.2 -9.421828592
2.75126752 -324 -9.386332986
2.786763127 -322.8 -9.350837379
2.822258733 -321.6 -9.315341773
2.857754339 -320.4 -9.279846167
2.893249945 -319.2 -9.244350561
2.928745552 -318 -9.208854954
2.964241158 -316.8 -9.173359348
2.999736764 -315.6 -9.137863742
3.03523237 -314.4 -9.102368136
3.070727977 -313.2 -9.066872529
3.106223583 -312 -9.031376923
3.141719189 -310.8 -8.995881317
3.177214795 -309.6 -8.960385711
3.212710402 -308.4 -8.924890104
3.248206008 -307.2 -8.889394498
3.283701614 -306 -8.853898892
3.31919722 -304.8 -8.818403286
3.354692827 -303.6 -8.782907679
3.390188433 -302.4 -8.747412073
3.425684039 -301.2 -8.711916467
3.461179645 -300 -8.676420861
3.496675252 -298.8 -8.640925254
3.532170858 -297.6 -8.605429648
3.567666464 -296.4 -8.569934042
3.60316207 -295.2 -8.534438436
3.638657677 -294 -8.498942829
3.674153283 -292.8 -8.463447223
3.709648889 -291.6 -8.427951617
3.745144495 -290.4 -8.392456011
3.780640102 -289.2 -8.356960404
3.816135708 -288 -8.321464798
3.851631314 -286.8 -8.285969192
3.88712692 -285.6 -8.250473586
3.922622527 -284.4 -8.214977979
3.958118133 -283.2 -8.179482373
3.993613739 -282 -8.143986767
4.029109345 -280.8 -8.108491161
4.064604952 -279.6 -8.072995554
4.100100558 -278.4 -8.037499948
4.135596164 -277.2 -8.002004342
4.17109177 -276 -7.966508736
4.206587377 -274.8 -7.931013129
4.242082983 -273.6 -7.895517523
4.277578589 -272.4 -7.860021917
4.313074195 -271.2 -7.824526311
4.348569802 -270 -7.789030704
4.384065408 -268.8 -7.753535098
4.419561014 -267.6 -7.718039492
4.45505662 -266.4 -7.682543886
4.490552227 -265.2 -7.647048279
4.526047833 -264 -7.611552673
4.561543439 -262.8 -7.576057067
4.597039045 -261.6 -7.540561461
4.632534652 -260.4 -7.505065854
4.668030258 -259.2 -7.469570248
4.703525864 -258 -7.434074642
4.73902147 -256.8 -7.398579036
4.774517077 -255.6 -7.363083429
4.810012683 -254.4 -7.327587823
4.845508289 -253.2 -7.292092217
4.881003895 -252 -7.256596611
4.916499501 -250.8 -7.221101004
4.951995108 -249.6 -7.185605398
4.987490714 -248.4 -7.150109792
5.02298632 -247.2 -7.114614186
5.058481926 -246 -7.079118579
5.093977533 -244.8 -7.043622973
5.129473139 -243.6 -7.008127367
5.164968745 -242.4 -6.972631761
5.200464351 -241.2 -6.937136154
5.235959958 -240 -6.901640548
5.271455564 -238.8 -6.866144942
5.30695117 -237.6 -6.830649336
5.342446776 -236.4 -6.795153729
5.377942383 -235.2 -6.759658123
5.413437989 -234 -6.724162517
5.448933595 -232.8 -6.688666911
5.484429201 -231.6 -6.653171304
5.519924808 -230.4 -6.617675698
5.555420414 -229.2 -6.582180092
5.59091602 -228 -6.546684486
5.626411626 -226.8 -6.511188879
5.661907233 -225.6 -6.475693273
5.697402839 -224.4 -6.440197667
5.732898445 -223.2 -6.404702061
5.768394051 -222 -6.369206454
5.803889658 -220.8 -6.333710848
5.839385264 -219.6 -6.298215242
5.87488087 -218.4 -6.262719636
5.910376476 -217.2 -6.227224029
5.945872083 -216 -6.191728423
5.981367689 -214.8 -6.156232817
6.016863295 -213.6 -6.120737211
6.052358901 -212.4 -6.085241604
6.087854508 -211.2 -6.049745998
6.123350114 -210 -6.014250392
6.15884572 -208.8 -5.978754786
6.194341326 -207.6 -5.943259179
6.229836933 -206.4 -5.907763573
6.265332539 -205.2 -5.872267967
6.300828145 -204 -5.836772361
6.336323751 -202.8 -5.801276754
6.371819358 -201.6 -5.765781148
6.407314964 -200.4 -5.730285542
6.44281057 -199.2 -5.694789936
6.478306176 -198 -5.659294329
6.513801783 -196.8 -5.623798723
6.549297389 -195.6 -5.588303117
6.584792995 -194.4 -5.552807511
6.620288601 -193.2 -5.517311904
6.655784208 -192 -5.481816298
6.691279814 -190.8 -5.446320692
6.72677542 -189.6 -5.410825086
6.762271026 -188.4 -5.375329479
6.797766633 -187.2 -5.339833873
6.833262239 -186 -5.304338267
6.868757845 -184.8 -5.268842661
6.904253451 -183.6 -5.233347054
6.939749058 -182.4 -5.197851448
6.975244664 -181.2 -5.162355842
7.01074027 -180 -5.126860236
7.046235876 -178.8 -5.091364629
7.081731483 -177.6 -5.055869023
7.117227089 -176.4 -5.020373417
7.152722695 -175.2 -4.984877811
7.188218301 -174 -4.949382204
7.223713908 -172.8 -4.913886598
7.259209514 -171.6 -4.878390992
7.29470512 -170.4 -4.842895386
7.330200726 -169.2 -4.807399779
7.365696333 -168 -4.771904173
7.401191939 -166.8 -4.736408567
7.436687545 -165.6 -4.700912961
7.472183151 -164.4 -4.665417355
7.507678758 -163.2 -4.629921748
7.543174364 -162 -4.594426142
7.57866997 -160.8 -4.558930536
7.614165576 -159.6 -4.52343493
7.649661183 -158.4 -4.487939323
7.685156789 -157.2 -4.452443717
7.720652395 -156 -4.416948111
7.756148001 -154.8 -4.381452505
7.791643608 -153.6 -4.345956898
7.827139214 -152.4 -4.310461292
7.86263482 -151.2 -4.274965686
7.898130426 -150 -4.23947008
7.933626033 -148.8 -4.203974473
7.969121639 -147.6 -4.168478867
8.004617245 -146.4 -4.132983261
8.040112851 -145.2 -4.097487655
8.075608458 -144 -4.061992048
8.111104064 -142.8 -4.026496442
8.14659967 -141.6 -3.991000836
8.182095276 -140.4 -3.95550523
8.217590883 -139.2 -3.920009623
8.253086489 -138 -3.884514017
8.288582095 -136.8 -3.849018411
8.324077701 -135.6 -3.813522805
8.359573308 -134.4 -3.778027198
8.395068914 -133.2 -3.742531592
8.43056452 -132 -3.707035986
8.466060126 -130.8 -3.67154038
8.501555733 -129.6 -3.636044773
8.537051339 -128.4 -3.600549167
8.572546945 -127.2 -3.565053561
8.608042551 -126 -3.529557955
8.643538158 -124.8 -3.494062348
8.679033764 -123.6 -3.458566742
8.71452937 -122.4 -3.423071136
8.750024976 -121.2 -3.38757553
8.785520583 -120 -3.352079923
8.821016189 -118.8 -3.316584317
8.856511795 -117.6 -3.281088711
8.892007401 -116.4 -3.245593105
8.927503008 -115.2 -3.210097498
8.962998614 -114 -3.174601892
8.99849422 -112.8 -3.139106286
9.033989826 -111.6 -3.10361068
9.069485433 -110.4 -3.068115073
9.104981039 -109.2 -3.032619467
9.140476645 -108 -2.997123861
9.175972251 -106.8 -2.961628255
9.211467858 -105.6 -2.926132648
9.246963464 -104.4 -2.890637042
9.28245907 -103.2 -2.855141436
9.317954676 -102 -2.81964583
9.353450283 -100.8 -2.784150223
9.388945889 -99.6 -2.748654617
9.424441495 -98.4 -2.713159011
9.459937101 -97.2 -2.677663405
9.495432708 -96 -2.642167798
9.530928314 -94.8 -2.606672192
9.56642392 -93.6 -2.571176586
9.601919526 -92.4 -2.53568098
9.637415133 -91.2 -2.500185373
9.672910739 -90 -2.464689767
9.708406345 -88.8 -2.429194161
9.743901951 -87.6 -2.393698555
9.779397558 -86.4 -2.358202948
9.814893164 -85.2 -2.322707342
9.85038877 -84 -2.287211736
9.885884376 -82.8 -2.25171613
9.921379983 -81.6 -2.216220523
9.956875589 -80.4 -2.180724917
9.992371195 -79.2 -2.145229311
10.0278668 -78 -2.109733705
10.06336241 -76.8 -2.074238098
10.09885801 -75.6 -2.038742492
10.13435362 -74.4 -2.003246886
10.16984923 -73.2 -1.96775128
10.20534483 -72 -1.932255673
10.24084044 -70.8 -1.896760067
10.27633605 -69.6 -1.861264461
10.31183165 -68.4 -1.825768855
10.34732726 -67.2 -1.790273248
10.38282286 -66 -1.754777642
10.41831847 -64.8 -1.719282036
10.45381408 -63.6 -1.68378643
10.48930968 -62.4 -1.648290823
10.52480529 -61.2 -1.612795217
10.5603009 -60 -1.577299611
10.5957965 -58.8 -1.541804005
10.63129211 -57.6 -1.506308398
10.66678771 -56.4 -1.470812792
10.70228332 -55.2 -1.435317186
10.73777893 -54 -1.39982158
10.77327453 -52.8 -1.364325973
10.80877014 -51.6 -1.328830367
10.84426575 -50.4 -1.293334761
10.87976135 -49.2 -1.257839155
10.91525696 -48 -1.222343548
10.95075256 -46.8 -1.186847942
10.98624817 -45.6 -1.151352336
11.02174378 -44.4 -1.11585673
11.05723938 -43.2 -1.080361123
11.09273499 -42 -1.044865517
11.1282306 -40.8 -1.009369911
11.1637262 -39.6 -0.9738743046
11.19922181 -38.4 -0.9383786983
11.23471741 -37.2 -0.9028830921
11.27021302 -36 -0.8673874858
11.30570863 -34.8 -0.8318918796
11.34120423 -33.6 -0.7963962733
11.37669984 -32.4 -0.7609006671
11.41219545 -31.2 -0.7254050608
11.44769105 -30 -0.6899094546
11.48318666 -28.8 -0.6544138483
11.51868226 -27.6 -0.6189182421
11.55417787 -26.4 -0.5834226358
11.58967348 -25.2 -0.5479270296
11.62516908 -24 -0.5124314233
11.66066469 -22.8 -0.4769358171
11.6961603 -21.6 -0.4414402108
11.7316559 -20.4 -0.4059446046
11.76715151 -19.2 -0.3704489983
11.80264711 -18 -0.3349533921
11.83814272 -16.8 -0.2994577858
11.87363833 -15.6 -0.2639621796
11.90913393 -14.4 -0.2284665733
11.94462954 -13.2 -0.1929709671
11.98012515 -12 -0.1574753609
12.01562075 -10.8 -0.1219797546
12.05111636 -9.6 -0.08648414835
12.08661196 -8.4 -0.0509885421
12.12210757 -7.2 -0.01549293585
12.15760318 -6 0.0200026704
12.19309878 -4.8 0.05549827665
12.22859439 -3.6 0.09099388289
12.26409 -2.4 0.1264894891
12.2995856 -1.2 0.1619850954
12.33508121 -1.980193787e-12 0.1974807016
12.37057681 1.2 0.2329763079
12.40607242 2.4 0.2684719141
12.44156803 3.6 0.3039675204
12.47706363 4.8 0.3394631266
12.51255924 6 0.3749587329
12.54805485 7.2 0.4104543391
12.58355045 8.4 0.4459499454
12.61904606 9.6 0.4814455516
12.65454166 10.8 0.5169411579
12.69003727 12 0.5524367641
12.72553288 13.2 0.5879323704
12.76102848 14.4 0.6234279766
12.79652409 15.6 0.6589235829
12.8320197 16.8 0.6944191891
12.8675153 18 0.7299147954
12.90301091 19.2 0.7654104016
12.93850651 20.4 0.8009060079
12.97400212 21.6 0.8364016141
13.00949773 22.8 0.8718972204
13.04499333 24 0.9073928266
13.08048894 25.2 0.9428884329
13.11598455 26.4 0.9783840391
13.15148015 27.6 1.013879645
13.18697576 28.8 1.049375252
13.22247136 30 1.084870858
13.25796697 31.2 1.120366464
13.29346258 32.4 1.15586207
13.32895818 33.6 1.191357677
13.36445379 34.8 1.226853283
13.3999494 36 1.262348889
13.435445 37.2 1.297844495
13.47094061 38.4 1.333340102
13.50643621 39.6 1.368835708
13.54193182 40.8 1.404331314
13.57742743 42 1.43982692
13.61292303 43.2 1.475322527
13.64841864 44.4 1.510818133
13.68391425 45.6 1.546313739
13.71940985 46.8 1.581809345
13.75490546 48 1.617304952
13.79040106 49.2 1.652800558
13.82589667 50.4 1.688296164
13.86139228 51.6 1.72379177
13.89688788 52.8 1.759287377
13.93238349 54 1.794782983
13.9678791 55.2 1.830278589
14.0033747 56.4 1.865774195
14.03887031 57.6 1.901269802
14.07436591 58.8 1.936765408
14.10986152 60 1.972261014
14.14535713 61.2 2.00775662
14.18085273 62.4 2.043252227
14.21634834 63.6 2.078747833
14.25184395 64.8 2.114243439
14.28733955 66 2.149739045
14.32283516 67.2 2.185234652
14.35833076 68.4 2.220730258
14.39382637 69.6 2.256225864
14.42932198 70.8 2.29172147
14.46481758 72 2.327217077
14.50031319 73.2 2.362712683
14.5358088 74.4 2.398208289
14.5713044 75.6 2.433703895
14.60680001 76.8 2.469199502
14.64229561 78 2.504695108
14.67779122 79.2 2.540190714
14.71328683 80.4 2.57568632
14.74878243 81.6 2.611181927
14.78427804 82.8 2.646677533
14.81977365 84 2.682173139
14.85526925 85.2 2.717668745
14.89076486 86.4 2.753164352
14.92626046 87.6 2.788659958
14.96175607 88.8 2.824155564
14.99725168 90 2.85965117
15.03274728 91.2 2.895146777
15.06824289 92.4 2.930642383
15.1037385 93.6 2.966137989
15.1392341 94.8 3.001633595
15.17472971 96 3.037129202
15.21022531 97.2 3.072624808
15.24572092 98.4 3.108120414
15.28121653 99.6 3.14361602
15.31671213 100.8 3.179111627
15.35220774 102 3.214607233
15.38770335 103.2 3.250102839
15.42319895 104.4 3.285598445
15.45869456 105.6 3.321094052
15.49419016 106.8 3.356589658
15.52968577 108 3.392085264
15.56518138 109.2 3.42758087
15.60067698 110.4 3.463076477
15.63617259 111.6 3.498572083
15.6716682 112.8 3.534067689
15.7071638 114 3.569563295
15.74265941 115.2 3.605058902
15.77815501 116.4 3.640554508
15.81365062 117.6 3.676050114
15.84914623 118.8 3.71154572
15.88464183 120 3.747041327
15.92013744 121.2 3.782536933
15.95563305 122.4 3.818032539
15.99112865 123.6 3.853528145
16.02662426 124.8 3.889023752
16.06211986 126 3.924519358
16.09761547 127.2 3.960014964
16.13311108 128.4 3.99551057
16.16860668 129.6 4.031006177
16.20410229 130.8 4.066501783
16.2395979 132 4.101997389
16.2750935 133.2 4.137492995
16.31058911 134.4 4.172988602
16.34608471 135.6 4.208484208
16.38158032 136.8 4.243979814
16.41707593 138 4.27947542
16.45257153 139.2 4.314971027
16.48806714 140.4 4.350466633
16.52356274 141.6 4.385962239
16.55905835 142.8 4.421457845
16.59455396 144 4.456953452
16.63004956 145.2 4.492449058
16.66554517 146.4 4.527944664
16.70104078 147.6 4.56344027
16.73653638 148.8 4.598935877
16.77203199 150 4.634431483
16.80752759 151.2 4.669927089
16.8430232 152.4 4.705422695
16.87851881 153.6 4.740918302
16.91401441 154.8 4.776413908
16.94951002 156 4.811909514
16.98500563 157.2 4.84740512
17.02050123 158.4 4.882900727
17.05599684 159.6 4.918396333
17.09149244 160.8 4.953891939
17.12698805 162 4.989387545
17.16248366 163.2 5.024883152
17.19797926 164.4 5.060378758
17.23347487 165.6 5.095874364
17.26897048 166.8 5.13136997
17.30446608 168 5.166865577
17.33996169 169.2 5.202361183
17.37545729 170.4 5.237856789
17.4109529 171.6 5.273352395
17.44644851 172.8 5.308848002
17.48194411 174 5.344343608
17.51743972 175.2 5.379839214
17.55293533 176.4 5.41533482
17.58843093 177.6 5.450830427
17.62392654 178.8 5.486326033
17.65942214 180 5.521821639
17.69491775 181.2 5.557317245
17.73041336 182.4 5.592812852
17.76590896 183.6 5.628308458
17.80140457 184.8 5.663804064
17.83690018 186 5.69929967
17.87239578 187.2 5.734795277
17.90789139 188.4 5.770290883
17.94338699 189.6 5.805786489
17.9788826 190.8 5.841282095
18.01437821 192 5.876777702
18.04987381 193.2 5.912273308
18.08536942 194.4 5.947768914
18.12086503 195.6 5.98326452
18.15636063 196.8 6.018760127
18.19185624 198 6.054255733
18.22735184 199.2 6.089751339
18.26284745 200.4 6.125246945
18.29834306 201.6 6.160742552
18.33383866 202.8 6.196238158
18.36933427 204 6.231733764
18.40482988 205.2 6.26722937
18.44032548 206.4 6.302724977
18.47582109 207.6 6.338220583
18.51131669 208.8 6.373716189
18.5468123 210 6.409211795
18.58230791 211.2 6.444707402
18.61780351 212.4 6.480203008
18.65329912 213.6 6.515698614
18.68879473 214.8 6.55119422
18.72429033 216 6.586689827
18.75978594 217.2 6.622185433
18.79528154 218.4 6.657681039
18.83077715 219.6 6.693176645
18.86627276 220.8 6.728672251
18.90176836 222 6.764167858
18.93726397 223.2 6.799663464
18.97275958 224.4 6.83515907
19.00825518 225.6 6.870654676
19.04375079 226.8 6.906150283
19.07924639 228 6.941645889
19.114742 229.2 6.977141495
19.15023761 230.4 7.012637101
19.18573321 231.6 7.048132708
19.22122882 232.8 7.083628314
19.25672443 234 7.11912392
19.29222003 235.2 7.154619526
19.32771564 236.4 7.190115133
19.36321124 237.6 7.225610739
19.39870685 238.8 7.261106345
19.43420246 240 7.296601951
19.46969806 241.2 7.332097558
19.50519367 242.4 7.367593164
19.54068928 243.6 7.40308877
19.57618488 244.8 7.438584376
19.61168049 246 7.474079983
19.64717609 247.2 7.509575589
19.6826717 248.4 7.545071195
19.71816731 249.6 7.580566801
19.75366291 250.8 7.616062408
19.78915852 252 7.651558014
19.82465413 253.2 7.68705362
19.86014973 254.4 7.722549226
19.89564534 255.6 7.758044833
19.93114094 256.8 7.793540439
19.96663655 258 7.829036045
20.00213216 259.2 7.864531651
20.03762776 260.4 7.900027258
20.07312337 261.6 7.935522864
20.10861898 262.8 7.97101847
20.14411458 264 8.006514076
20.17961019 265.2 8.042009683
20.21510579 266.4 8.077505289
20.2506014 267.6 8.113000895
20.28609701 268.8 8.148496501
20.32159261 270 8.183992108
20.35708822 271.2 8.219487714
20.39258383 272.4 8.25498332
20.42807943 273.6 8.290478926
20.46357504 274.8 8.325974533
20.49907064 276 8.361470139
20.53456625 277.2 8.396965745
20.57006186 278.4 8.432461351
20.60555746 279.6 8.467956958
20.64105307 280.8 8.503452564
20.67654868 282 8.53894817
20.71204428 283.2 8.574443776
20.74753989 284.4 8.609939383
20.78303549 285.6 8.645434989
20.8185311 286.8 8.680930595
20.85402671 288 8.716426201
20.88952231 289.2 8.751921808
20.92501792 290.4 8.787417414
20.96051353 291.6 8.82291302
20.99600913 292.8 8.858408626
21.03150474 294 8.893904233
21.06700034 295.2 8.929399839
21.10249595 296.4 8.964895445
21.13799156 297.6 9.000391051
21.17348716 298.8 9.035886658
21.20898277 300 9.071382264
21.24447838 301.2 9.10687787
21.27997398 302.4 9.142373476
21.31546959 303.6 9.177869083
21.35096519 304.8 9.213364689
21.3864608 306 9.248860295
21.42195641 307.2 9.284355901
21.45745201 308.4 9.319851508
21.49294762 309.6 9.355347114
21.52844323 310.8 9.39084272
21.56393883 312 9.426338326
21.59943444 313.2 9.461833933
21.63493004 314.4 9.497329539
21.67042565 315.6 9.532825145
21.70592126 316.8 9.568320751
21.74141686 318 9.603816358
21.77691247 319.2 9.639311964
21.81240808 320.4 9.67480757
21.84790368 321.6 9.710303176
21.88339929 322.8 9.745798783
21.91889489 324 9.781294389
21.9543905 325.2 9.816789995
21.98988611 326.4 9.852285601
22.02538171 327.6 9.887781208
22.06087732 328.8 9.923276814
22.09637293 330 9.95877242
22.13186853 331.2 9.994268026
22.16736414 332.4 10.02976363
22.20285974 333.6 10.06525924
22.23835535 334.8 10.10075485
22.27385096 336 10.13625045
22.30934656 337.2 10.17174606
22.34484217 338.4 10.20724166
22.38033778 339.6 10.24273727
22.41583338 340.8 10.27823288
22.45132899 342 10.31372848
22.48682459 343.2 10.34922409
22.5223202 344.4 10.3847197
22.55781581 345.6 10.4202153
22.59331141 346.8 10.45571091
22.62880702 348 10.49120651
22.66430263 349.2 10.52670212
22.69979823 350.4 10.56219773
22.73529384 351.6 10.59769333
22.77078944 352.8 10.63318894
22.80628505 354 10.66868455
22.84178066 355.2 10.70418015
22.87727626 356.4 10.73967576
22.91277187 357.6 10.77517136
22.94826748 358.8 10.81066697
22.98376308 360 10.84616258
